  m1   =    3.7488366188235136000628244801192;
mpx1   =    0.0000000000000000000000000002177;   
mpy1   =    -0.000000000202248639184057220522;   
mpz1   =    0.0000000000000000000000000002177;   
  Ixx1 =     0.1370187892906171711615570529829;   
Ixy1   =    -0.000000000000000000000000000068;   
Ixz1   =    -0.000000000404347712024728023832;   
Iyy1   =    0.0000000002006459680452579710783;   
Iyz1   =    -0.000000000000000000000000000068;   
  Izz1 =     0.0132238837761449908037025835483;   
Fv1    =   12.813900198453447742963362543378 ;
Fs1    =   1.0410298310684840128459427432972 ;
  m2   =    3.7488366188235136000628244801192;
mpx2   =    0.0013283664501408370267609981851;   
mpy2   =    -0.661688484499676432548653792764;   
mpz2   =    -0.627026764407097259024226332257;   
Ixx2   =    1.0449320265681274477742590534035;
Ixy2   =    -0.075660794175790288540461858701;   
Ixz2   =    0.1175502342801955507622935215295;
Iyy2   =    0.0054784020616759250554839155711;   
Iyz2   =    -0.008511506681233413709741775221;   
Izz2   =    0.0132238837761449908037025835483;   
Fv2    =   4.2503321267186331411380706413183 ;
Fs2    =   0.62874151369410913314794697726029;
m3     =  3.7488366188235136000628244801192  ;
mpx3   =    0.1311696113876533453801442874464;   
mpy3   =    -0.367807922811717924460594986157;   
mpz3   =    -0.026585128324959246548520042097;   
Ixx3   =    1.4385756582913502565901353591471;
Ixy3   =    0.2217544265249710988552322987743;   
Ixz3   =    0.5521225418405215634720661910250;   
Iyy3   =    0.0358933488007213835624398257095;   
Iyz3   =    0.0794966282745891150707251426865;   
Izz3   =    0.2573293922256377208590549798827;   
Fv3    =   3.8714606810022980099006417731289 ;
Fs3    =   0.6429717902990687017350524001813 ;
m4     =  0.082313837942727202667825281423575;
mpx4   =    0.0050987694878214719768072527017;   
mpy4   =    0.0043299698396582503995277946273;   
mpz4   =    0.0046734680424965332687370356268;   
Ixx4   =    0.1370187892906171711615570529829;   
Ixy4   =    0.127581408787252464920314309893 ;
Ixz4   =    -0.007581182274186267118498694372;   
Iyy4   =    0.1203060932719417636116432390736;
Iyz4   =    -0.007074154271135803077885650935;   
Izz4   =    0.0009330457109858313752281944175;   
Fv4    =   2.4376655117811121264992380019976 ;
Fs4    =   0.77802704307682568618531604442978;
m5     =  1.7907058054464577434572447600658  ;
mpx5   =    0.1490897221262717786682827636468;   
mpy5   =    0.0146909837424352082702050381612;   
mpz5   =    0.0191217263166897563642088186952;   
Ixx5   =    0.0137596549745237096279426580736;   
Ixy5   =    -0.001968100846495302209959721295;   
Ixz5   =    0.0029119015693376167075445692944;   
Iyy5   =    0.0126583366059470556197474877535;   
Iyz5   =    -0.000406617314434881682843475614;   
Izz5   =    0.0140432623767758613109180032552;   
Fv5    =   2.4454447706607180812454771512421 ;
Fs5    =   0.69758202179945949517048120469553;
m6     =  0.009143083357132011229628787418732;   
mpx6   =    -0.002773012382574744066204841530;   
mpy6   =    -0.000221263347328831114007793856;   
mpz6   =    -0.003473433947736718260118626844;   
Ixx6   =    0.0128550986996676230161851250954;   
Ixy6   =    0.0207927854173278817140335661406;   
Ixz6   =    -0.000975841119828167432095900046;   
Iyy6   =    0.0398993240233850229858880709343;   
Iyz6   =    0.0000563676460293007514242534516;   
Izz6   =    0.0008469062319155337865972388300;   
Fv6    =   2.0983843216508795137542620068416 ;
Fs6    =   0.51404681970841414884176856503473;
m7     =  0.34907853107133540726536580223183 ;
mpx7   =    -0.007997669979418116706360031287;   
mpy7   =    -0.077226147734306277436999721430;   
mpz7   =    0.0162107656106876031609775878905;   
Ixx7   =    0.0205771612045429104498328598538;   
Ixy7   =    0.0076069183126198161581932311037;   
Ixz7   =    -0.000999797936992702579797609452;   
Iyy7   =    0.0527566571523126054410468555033;   
Iyz7   =    -0.014502444323137913748111849088;   
Izz7   =    0.0270486532295269484216237998452;   
Fv7    =   1.9456553825622027176223127753474 ;
Fs7    =   0.64931449763798632091038598446175;
m8     =  0.014324136323924478719771258283799;
mpx8   =    -0.001048325915104468455257835657;   
mpy8   =    -0.002828306372314369487863672247;   
mpz8   =    0.0070642621708487899484518734993;   
Ixx8   =    0.0040423461483087121462465240995;   
Ixy8   =    -0.000206992366730097786383865687;   
Ixz8   =    0.0005170049243808338664332713285;   
Iyy8   =    0.0035606187059661750446415418025;   
Iyz8   =    0.0013948413775991558988254226392;   
Izz8   =    0.0006351730097111859011868584268;   
Fv8    =   0.26251938780309946874780280268169;
Fs8    =   0.22513288093682531920691758386965;
m9     =  0.005564671328165415181699060553910;   
mpx9   =    -0.005708744916413437293922772397;   
mpy9   =    0.0006754488786048113433194139965;   
mpz9   =    -0.001458061824751193417612493696;   
Ixx9   =    0.0194506940530553701362848073586;   
Ixy9   =    0.0058910096252058289506559063397;   
Ixz9   =    0.0018712939709265650600061858810;   
Iyy9   =    0.0104205025981558962316908534262;   
Iyz9   =    0.0014770406485300356571460644872;   
Izz9   =    0.0065875151740569289765536709069;   
Fv9    =   0.32201634264311879141118311054015;
Fs9    =   0.29092744378568474727941861601721;
  m10  =     1e-3;   
mpx10  =     -0.00102417430641226566041812606;   
mpy10  =     -0.87283202622334676856752366802;   
mpz10  =     -0.25932193418723448186113955671;   
Ixx10  =     1.044712294384984918593772817985;   
Ixy10  =     -0.06395764000580259067696431429;   
Ixz10  =     0.124273149303115962305277264476;   
Iyy10  =     0.003915508804161662442799851646;   
Iyz10  =     -0.00760804515597519014080685195;   
Izz10  =     0.014782844362064848434124009202;   
m11    =   2.0555985068034754448262901860289 ;
mpx11  =     0.056203109168335187162401922478;   
mpy11  =     0.253912395059511519779249510975;   
mpz11  =     -0.11503343677763221142296146126;   
Ixx11  =     0.325823431357709192290883493114;   
Ixy11  =     -0.05553435791033552865192390868;   
Ixz11  =     0.230069588940435609814016970631;   
Iyy11  =     0.153216295792825890620392215168;   
Iyz11  =     0.255552241272794300463999661587;   
Izz11  =     0.782243564116244849415693352057;   
Fv10   =    2.9665942019271716034722885524388;
Fs10   =    0.8194997909315356876547298270452;   
m12    =   0.67474700596703340860216258079163;
mpx12  =     -0.01306733835473432824014761166;   
mpy12  =     -0.13078665331214500699985592291;   
mpz12  =     0.110077673229326405968109270361;   
Ixx12  =     0.061950053203049491867826503721;   
Ixy12  =     0.018203368166867128774555339987;   
Ixz12  =     0.036584770862744114827691532809;   
Iyy12  =     0.041277230358362185236309471747;   
Iyz12  =     0.059660610873368380424608403700;   
Izz12  =     0.089278694033862571188819856615;   
Fv11   =    2.409334820082532413465514764539 ;
Fs11   =    0.7783597605677955444392068784509;   
m13    =   0.59327528752412106438640648775618;
mpx13  =     0.161372681558171665594514365693;   
mpy13  =     0.002610033947593437628903467739;   
mpz13  =     -0.05031842849701025077724381162;   
Ixx13  =     0.032414520334555871339254906615;   
Ixy13  =     -0.02359110644866497727423215735;   
Ixz13  =     0.050084293214050827625083428529;   
Iyy13  =     0.066769822515750629210451450035;   
Iyz13  =     -0.02937909855816122836613679680;   
Izz13  =     0.090991390650380435389799060885;   
Fv12   =    2.9877413510457326850655590533279;
Fs12   =    0.8108248272073736995224635393242;   
m14    =   0.17841810308063416057322569940879;
mpx14  =     0.012420246353132253711026855569;   
mpy14  =     -0.04076761431482908010215382432;   
mpz14  =     0.037017720227143828537474945505;   
Ixx14  =     0.089521172511205698851810552696;   
Ixy14  =     0.020230051167387640836947682032;   
Ixz14  =     -0.00681406165099125108591815447;   
Iyy14  =     0.035577068809834862250784937032;   
